

1E+2


0
1.61977519054386154998279651739493247610119636659767108979134368315329132494478091442807417806953446
1.61977519054386154998279651739493247610119636659767108979134368315329132494478091442807417806953446
1.61977519054386154998279651739493247610119636659767108979134368315329132494478091442807417806953446
1.61977519054386154998279651739493247610119636659767108979134368315329132494478091442807417806953446
0.9999999999999999999999999999999999999999999999999999999999999999999999999999999999999999999999999995
0.9999999999999999999999999999999999999999999999999999999999999999999999999999999999999999999999999995
1.61977519054386154998279651739493247610119636659767108979134368315329132494478091442807417806953446
